***********************************************************
0       6490    6480
4       6481    6568
8       6575    6579
12      6564    6446
16      6461    6542
20      6523    6434
24      6507    6431
28      6407    6485
32      6433    6410
36      6540    6561
40      6567    6563
44      6561    6469
48      6493    6561
52      6548    6482
56      6481    6426
60      6550    6485
64      6543    6414
68      6425    6568
72      6463    6529
76      6396    6401
80      6428    6560
84      6580    6519
88      6560    6389
92      6426    6398
96      6533    6510
100     6536    6524
104     6472    6499
108     6428    6486
112     6484    6452
116     6489    6548
120     6422    6539
124     6408    6414
128     6513    6541
132     6533    6454
136     6519    6571
140     6454    6457
144     6471    6577
148     6525    6459
152     6551    6540
156     6410    6564
160     6466    6433
164     6561    6564
168     6522    6511
172     6452    6575
176     6422    6502
180     6538    6415
184     6454    6581
188     6400    6448
192     6411    6485
196     6422    6532
200     6410    6602
204     6897    7379
208     8594    10580
212     11559   14959
216     13781   16813
220     13206   15474
224     11557   12965
228     9947    11035
232     8938    9617
236     8027    8468
240     7501    7857
244     7294    7327
248     7050    7036
252     6891    6972
256     6628    6703
260     6701    6694
264     6539    6538
268     6635    6579
272     6537    6624
276     6437    6506
280     6575    6533
284     6486    6553
288     6562    6496
292     6519    6484
296     6526    6591
300     6538    6421
304     6571    6482
308     6410    6502
312     6468    6560
316     6566    6535
320     6436    6403
324     6456    6425
328     6402    6392
332     6493    6537
336     6420    6445
340     6471    6511
344     6570    6396
348     6420    6406
352     6515    6545
356     6497    6539
360     6397    6471
364     6585    6531
368     6399    6547
372     6562    6496
376     6485    6501
380     6499    6511
384     6393    6505
388     6526    6567
392     6460    6394
396     6394    6466
400     6473    6553
404     6564    6394
408     6389    6453
412     6534    6489
416     6541    6459
420     6449    6530
424     6450    6452
428     6554    6477
432     6411    6466
436     6443    6480
440     6507    6562
444     6499    6582
448     6454    6408
452     6438    6566
456     6408    6481
460     6427    6543
464     6491    6455
468     6563    6585
472     6418    6487
476     6455    6548
480     6539    6528
484     6462    6539
488     6410    6498
492     6515    6544
496     6463    6431
500     6428    6536
504     6472    6491
508     6452    6507
512     6488    6511
516     6492    6573
520     6529    6542
524     6500    6434
528     6438    6391
532     6535    6503
536     6515    6585
540     6509    6561
544     6572    6424
548     6555    6525
552     6447    6534
556     6527    6532
560     6477    6432
564     6522    6469
568     6414    6514
572     6393    6544
576     6563    6533
580     6422    6447
584     6467    6432
588     6539    6420
592     6569    6487
596     6579    6424
600     6570    6531
604     6416    6490
608     6492    6533
612     6547    6538
616     6536    6407
620     6563    6528
624     6511    6390
628     6510    6548
632     6586    6531
636     6453    6495
640     6505    6416
644     6485    6429
648     6517    6585
652     6484    6410
656     6533    6429
660     6428    6522
664     6404    6536
668     6508    6476
672     6471    6481
676     6488    6483
680     6503    6528
684     6573    6499
688     6428    6465
692     6438    6558
696     6501    6572
700     6448    6501
704     6581    6397
708     6493    6580
712     6498    6447
716     6536    6405
720     6466    6548
724     6554    6572
728     6485    6522
732     6564    6445
736     6502    6476
740     6559    6578
744     6529    6445
748     6535    6448
752     6479    6462
756     6420    6504
760     6569    6393
764     6519    6490
768     6534    6448
772     6412    6558
776     6476    6449
780     6437    6461
784     6467    6554
***********************************************************
0       6488    6474
4       6436    6474
8       6452    6502
12      6567    6456
16      6431    6525
20      6393    6583
24      6508    6515
28      6498    6409
32      6511    6390
36      6555    6454
40      6470    6473
44      6433    6497
48      6548    6548
52      6433    6511
56      6471    6399
60      6555    6570
64      6512    6460
68      6533    6505
72      6428    6572
76      6557    6405
80      6475    6429
84      6392    6545
88      6529    6582
92      6533    6565
96      6533    6553
100     6441    6490
104     6428    6556
108     6463    6504
112     6581    6534
116     6428    6575
120     6556    6470
124     6549    6434
128     6429    6560
132     6481    6511
136     6542    6568
140     6517    6526
144     6576    6512
148     6490    6522
152     6444    6547
156     6478    6503
160     6416    6427
164     6544    6421
168     6426    6528
172     6498    6430
176     6563    6565
180     6500    6414
184     6503    6393
188     6528    6480
192     6529    6553
196     6554    6552
200     6411    6552
204     6584    6869
208     7116    12541
212     10007   27256
216     15145   41725
220     18495   42512
224     17453   33623
228     14792   24941
232     12231   18809
236     10405   14846
240     9072    11976
244     8337    10279
248     7659    9075
252     7189    8073
256     6953    7515
260     6876    7300
264     6655    6897
268     6708    6919
272     6676    6651
276     6581    6598
280     6534    6676
284     6500    6611
288     6481    6624
292     6511    6553
296     6573    6571
300     6418    6429
304     6428    6562
308     6575    6570
312     6479    6535
316     6577    6399
320     6568    6462
324     6440    6431
328     6431    6557
332     6525    6467
336     6422    6441
340     6504    6415
344     6581    6530
348     6525    6428
352     6501    6535
356     6555    6554
360     6445    6569
364     6492    6546
368     6467    6421
372     6549    6426
376     6544    6412
380     6567    6516
384     6484    6402
388     6561    6528
392     6569    6573
396     6536    6506
400     6449    6482
404     6576    6563
408     6466    6561
412     6448    6451
416     6446    6478
420     6455    6565
424     6561    6569
428     6522    6573
432     6525    6560
436     6540    6528
440     6583    6391
444     6564    6427
448     6447    6458
452     6528    6474
456     6444    6507
460     6390    6421
464     6398    6404
468     6474    6428
472     6509    6421
476     6519    6513
480     6549    6483
484     6532    6516
488     6481    6441
492     6567    6433
496     6407    6400
500     6530    6545
504     6413    6434
508     6460    6576
512     6460    6585
516     6465    6424
520     6463    6429
524     6562    6485
528     6476    6427
532     6539    6463
536     6391    6420
540     6567    6583
544     6457    6568
548     6482    6412
552     6402    6519
556     6422    6542
560     6488    6501
564     6463    6426
568     6497    6580
572     6488    6585
576     6403    6525
580     6556    6432
584     6568    6460
588     6468    6509
592     6518    6438
596     6417    6423
600     6492    6474
604     6455    6408
608     6459    6422
612     6564    6454
616     6470    6490
620     6538    6469
624     6540    6529
628     6520    6469
632     6526    6536
636     6556    6521
640     6533    6579
644     6581    6426
648     6409    6461
652     6446    6407
656     6406    6535
660     6420    6465
664     6540    6549
668     6500    6438
672     6544    6504
676     6435    6405
680     6496    6438
684     6414    6442
688     6459    6511
692     6583    6563
696     6466    6420
700     6456    6545
704     6454    6446
708     6441    6455
712     6572    6497
716     6503    6584
720     6529    6517
724     6423    6547
728     6392    6521
732     6389    6442
736     6475    6486
740     6521    6518
744     6562    6456
748     6464    6534
752     6568    6431
756     6397    6399
760     6408    6412
764     6505    6470
768     6491    6490
772     6558    6458
776     6435    6453
780     6469    6518
784     6563    6542
788     6551    6561
792     6448    6421
796     6455    6512
800     6398    6396
804     6497    6402
808     6425    6432
812     6505    6436
816     6410    6522
820     6473    6478
824     6400    6498
828     6421    6393
832     6535    6526
836     6537    6391
840     6564    6499
844     6454    6544
848     6435    6552
852     6458    6467
856     6533    6507
860     6455    6574
864     6516    6508
868     6403    6492
872     6495    6456
876     6536    6395
880     6541    6416
884     6500    6501
888     6521    6499
892     6426    6488
896     6540    6499
900     6508    6519
904     6392    6537
908     6473    6463
912     6500    6525
916     6463    6475
920     6561    6445
924     6517    6535
928     6527    6453
932     6474    6553
936     6449    6508
940     6494    6545
944     6461    6566
948     6519    6462
952     6522    6495
956     6473    6406
960     6436    6515
964     6410    6585
968     6559    6461
972     6530    6509
976     6581    6502
980     6399    6577
984     6450    6394
988     6542    6549
992     6562    6399
996     6456    6438
1000    6580    6581
1004    6410    6533
1008    6574    6579
1012    6581    6394
1016    6428    6419
1020    6399    6574
1024    6464    6551
1028    6539    6508
1032    6503    6433
1036    6518    6464
1040    6506    6450
1044    6488    6449
1048    6473    6411
1052    6568    6514
1056    6430    6583
1060    6473    6527
1064    6544    6544
1068    6536    6505
1072    6427    6545
1076    6394    6393
1080    6558    6550
1084    6473    6437
1088    6397    6518
1092    6446    6516
1096    6433    6528
1100    6526    6583
1104    6568    6500
1108    6461    6396
1112    6449    6481
1116    6403    6555
1120    6476    6391
1124    6491    6402
1128    6399    6403
1132    6424    6529
1136    6468    6538
1140    6428    6575
1144    6513    6439
1148    6446    6574
1152    6510    6577
1156    6580    6410
1160    6451    6436
1164    6493    6452
1168    6441    6545
1172    6534    6524
1176    6524    6535
1180    6425    6447
1184    6463    6427
1188    6484    6526
1192    6527    6510
1196    6519    6539
1200    6473    6445
1204    6472    6535
1208    6527    6526
1212    6501    6542
1216    6490    6568
1220    6556    6521
1224    6497    6467
1228    6462    6410
1232    6443    6469
1236    6521    6482
1240    6584    6433
1244    6476    6434
1248    6408    6559
1252    6450    6565
1256    6439    6403
1260    6446    6431
1264    6455    6560
1268    6501    6389
1272    6571    6585
1276    6523    6464
1280    6466    6447
1284    6438    6454
1288    6432    6518
1292    6507    6444
1296    6407    6473
1300    6498    6551
1304    6460    6584
1308    6430    6576
1312    6434    6556
1316    6568    6580
1320    6442    6526
1324    6451    6538
1328    6398    6457
1332    6423    6443
1336    6520    6474
1340    6479    6543
1344    6455    6404
1348    6420    6429
1352    6459    6567
1356    6565    6569
1360    6506    6506
1364    6537    6415
1368    6551    6412
1372    6530    6572
1376    6546    6427
1380    6515    6548
1384    6444    6507
1388    6546    6500
1392    6470    6408
1396    6484    6580
1400    6465    6478
1404    6510    6543
1408    6482    6504
1412    6506    6513
1416    6489    6499
1420    6421    6411
1424    6561    6581
1428    6439    6567
1432    6456    6514
1436    6440    6460
1440    6491    6507
1444    6494    6402
1448    6474    6564
1452    6542    6443
1456    6479    6492
1460    6471    6457
1464    6567    6519
1468    6422    6545
1472    6450    6568
1476    6549    6583
1480    6476    6445
1484    6575    6465
1488    6571    6422
1492    6502    6461
1496    6552    6434
1500    6401    6540
1504    6404    6544
1508    6563    6513
1512    6505    6457
1516    6570    6574
1520    6544    6501
1524    6513    6441
1528    6440    6396
1532    6429    6509
1536    6490    6446
1540    6427    6446
1544    6535    6506
1548    6504    6532
1552    6420    6532
1556    6468    6396
1560    6496    6579
1564    6396    6405
1568    6576    6497
1572    6478    6585
1576    6415    6564
1580    6488    6447
1584    6453    6457
1588    6523    6459
1592    6466    6459
1596    6424    6529
1600    6573    6390
1604    6572    6578
1608    6500    6415
1612    6482    6577
1616    6468    6497
1620    6454    6542
1624    6452    6528
1628    6496    6488
1632    6397    6502
1636    6434    6554
1640    6395    6424
1644    6392    6455
1648    6441    6559
1652    6539    6435
1656    6559    6564
1660    6507    6448
1664    6540    6472
1668    6566    6528
1672    6581    6532
1676    6390    6434
1680    6572    6462
1684    6534    6453
1688    6537    6543
1692    6451    6446
1696    6456    6514
1700    6542    6434
1704    6504    6406
1708    6445    6475
1712    6528    6526
1716    6559    6432
1720    6488    6391
1724    6480    6423
1728    6464    6522
1732    6585    6539
1736    6489    6432
1740    6480    6475
1744    6423    6535
1748    6468    6499
1752    6495    6449
1756    6397    6401
1760    6441    6562
1764    6504    6503
1768    6498    6464
1772    6461    6494
1776    6542    6501
1780    6515    6562
1784    6504    6542
1788    6563    6409
1792    6424    6462
1796    6552    6448
1800    6464    6457
1804    6452    6566
1808    6404    6446
1812    6517    6508
1816    6444    6418
1820    6418    6462
1824    6472    6396
1828    6390    6583
1832    6418    6391
1836    6507    6534
1840    6521    6501
1844    6469    6572
1848    6440    6414
1852    6552    6525
1856    6559    6512
1860    6568    6534
1864    6545    6581
1868    6513    6578
1872    6529    6548
1876    6412    6579
1880    6538    6467
1884    6537    6409
1888    6483    6493
1892    6564    6585
1896    6416    6582
1900    6494    6544
1904    6409    6391
1908    6586    6421
1912    6585    6394
1916    6544    6581
1920    6487    6486
1924    6440    6421
1928    6449    6506
1932    6430    6542
1936    6531    6453
1940    6493    6397
1944    6537    6582
1948    6461    6480
1952    6494    6475
1956    6511    6504
1960    6396    6459
1964    6573    6485
1968    6474    6568
1972    6493    6571
1976    6574    6572
1980    6469    6437
1984    6479    6392
1988    6457    6399
1992    6568    6498
1996    6534    6538
***********************************************************
0       6543    6495
4       6517    6468
8       6561    6534
12      6490    6541
16      6496    6502
20      6495    6530
24      6566    6449
28      6525    6468
32      6471    6555
36      6557    6544
40      6488    6399
44      6578    6486
48      6434    6424
52      6461    6547
56      6496    6581
60      6469    6497
64      6497    6477
68      6528    6397
72      6558    6397
76      6524    6409
80      6517    6585
84      6558    6562
88      6397    6396
92      6564    6448
96      6561    6461
100     6392    6475
104     6486    6498
108     6525    6566
112     6519    6450
116     6413    6432
120     6492    6398
124     6450    6526
128     6394    6461
132     6576    6470
136     6415    6490
140     6576    6516
144     6557    6556
148     6497    6470
152     6426    6420
156     6544    6575
160     6539    6496
164     6414    6442
168     6560    6452
172     6527    6542
176     6413    6503
180     6482    6415
184     6503    6448
188     6428    6424
192     6390    6446
196     6548    6435
200     6490    6502
204     6548    6783
208     6929    8511
212     7640    11123
216     8628    12655
220     8597    11842
224     8020    10434
228     7509    9150
232     7212    8358
236     6894    7818
240     6771    7341
244     6720    7143
248     6622    6865
252     6630    6762
256     6539    6749
260     6563    6667
264     6537    6570
268     6494    6511
272     6474    6595
276     6533    6544
280     6490    6461
284     6435    6511
288     6415    6529
292     6474    6538
296     6415    6532
300     6408    6427
304     6419    6466
308     6522    6501
312     6457    6486
316     6402    6518
320     6581    6451
324     6444    6507
328     6586    6529
332     6558    6506
336     6553    6557
340     6502    6462
344     6408    6533
348     6547    6538
352     6438    6404
356     6563    6446
360     6571    6411
364     6555    6459
368     6487    6551
372     6535    6409
376     6442    6527
380     6403    6503
384     6532    6410
388     6471    6506
392     6537    6499
396     6401    6508
400     6490    6467
404     6574    6408
408     6548    6532
412     6498    6508
416     6392    6516
420     6504    6468
424     6414    6581
428     6469    6512
432     6511    6469
436     6412    6494
440     6577    6418
444     6584    6453
448     6449    6451
452     6559    6461
456     6579    6430
460     6493    6408
464     6408    6415
468     6548    6548
472     6469    6441
476     6421    6418
480     6507    6514
484     6442    6412
488     6422    6459
492     6512    6469
496     6440    6467
500     6503    6453
504     6575    6426
508     6516    6458
512     6568    6562
516     6532    6553
520     6468    6464
524     6538    6493
528     6399    6530
532     6480    6401
536     6498    6525
540     6426    6542
544     6440    6527
548     6481    6560
552     6468    6454
556     6470    6496
560     6555    6441
564     6457    6573
568     6548    6573
572     6580    6511
576     6555    6500
580     6487    6403
584     6567    6580
588     6571    6445
592     6562    6407
596     6417    6454
600     6477    6469
604     6524    6395
608     6583    6451
612     6564    6487
616     6535    6517
620     6542    6392
624     6540    6498
628     6585    6433
632     6465    6438
636     6501    6394
640     6442    6560
644     6493    6569
648     6480    6433
652     6476    6584
656     6406    6392
660     6477    6522
664     6475    6535
668     6555    6418
672     6463    6528
676     6404    6552
680     6488    6419
684     6557    6468
688     6481    6584
692     6450    6545
696     6532    6524
700     6584    6493
704     6438    6441
708     6564    6542
712     6462    6418
716     6466    6392
720     6573    6420
724     6458    6465
728     6547    6485
732     6556    6400
736     6553    6574
740     6543    6432
744     6525    6575
748     6574    6502
752     6438    6569
756     6392    6520
760     6421    6483
764     6438    6460
768     6498    6463
772     6471    6449
776     6505    6414
780     6493    6525
784     6474    6441
788     6566    6551
792     6434    6448
796     6565    6395
800     6443    6472
804     6496    6466
808     6556    6488
812     6391    6483
816     6436    6436
820     6491    6481
824     6485    6463
828     6407    6574
832     6442    6550
836     6419    6551
840     6502    6398
844     6485    6561
848     6465    6455
852     6508    6505
856     6475    6497
860     6536    6476
864     6421    6538
868     6465    6513
872     6418    6455
876     6494    6584
880     6560    6467
884     6406    6468
888     6423    6400
892     6569    6522
896     6584    6493
900     6579    6514
904     6417    6410
908     6413    6529
912     6553    6469
916     6537    6567
920     6511    6523
924     6539    6570
928     6513    6419
932     6503    6545
936     6495    6417
940     6488    6549
944     6397    6398
948     6529    6434
952     6579    6543
956     6411    6557
960     6573    6415
964     6576    6479
968     6439    6511
972     6578    6440
976     6578    6504
980     6527    6423
984     6397    6470
988     6406    6552
992     6568    6513
996     6390    6543
1000    6445    6524
1004    6390    6417
1008    6506    6460
1012    6484    6452
1016    6529    6525
1020    6511    6412
1024    6572    6503
1028    6552    6445
1032    6459    6454
1036    6536    6585
1040    6398    6548
1044    6399    6471
1048    6404    6528
1052    6501    6448
1056    6540    6409
1060    6551    6582
1064    6400    6454
1068    6559    6508
1072    6578    6477
1076    6428    6410
1080    6526    6501
1084    6427    6554
1088    6486    6509
1092    6401    6460
1096    6536    6468
1100    6564    6516
1104    6424    6445
1108    6535    6581
1112    6440    6463
1116    6566    6524
1120    6576    6507
1124    6486    6469
1128    6411    6427
1132    6469    6392
1136    6527    6458
1140    6391    6483
1144    6446    6584
1148    6414    6405
1152    6557    6399
1156    6439    6524
1160    6414    6446
1164    6545    6402
1168    6447    6433
1172    6575    6469
1176    6546    6536
1180    6471    6398
1184    6391    6504
1188    6428    6546
1192    6533    6511
1196    6461    6445
1200    6481    6422
1204    6520    6500
1208    6448    6395
1212    6475    6402
1216    6567    6423
1220    6410    6533
1224    6440    6560
1228    6410    6541
1232    6479    6488
1236    6419    6539
1240    6405    6560
1244    6518    6418
1248    6493    6584
1252    6431    6520
1256    6504    6428
1260    6509    6487
1264    6448    6518
1268    6572    6460
1272    6554    6503
1276    6513    6578
1280    6454    6523
1284    6554    6390
1288    6541    6510
1292    6464    6480
1296    6470    6541
1300    6471    6421
1304    6575    6549
1308    6542    6566
1312    6533    6436
1316    6521    6391
1320    6491    6494
1324    6540    6519
1328    6420    6483
1332    6585    6578
1336    6528    6574
1340    6442    6529
1344    6566    6533
1348    6430    6522
1352    6570    6465
1356    6435    6448
1360    6430    6551
1364    6419    6551
1368    6393    6395
1372    6396    6444
1376    6511    6467
1380    6523    6520
1384    6522    6529
1388    6471    6517
1392    6552    6472
1396    6524    6429
1400    6497    6491
1404    6559    6578
1408    6489    6399
1412    6555    6448
1416    6522    6390
1420    6406    6462
1424    6570    6570
1428    6465    6543
1432    6499    6445
1436    6513    6436
1440    6536    6392
1444    6534    6540
1448    6495    6501
1452    6485    6585
1456    6495    6470
1460    6436    6397
1464    6574    6443
1468    6402    6574
1472    6465    6407
1476    6443    6489
1480    6511    6438
1484    6576    6523
1488    6445    6523
1492    6584    6548
1496    6575    6427
1500    6485    6573
1504    6447    6478
1508    6404    6495
1512    6544    6458
1516    6401    6583
1520    6445    6554
1524    6474    6580
1528    6405    6528
1532    6543    6523
1536    6511    6427
1540    6472    6583
1544    6444    6440
1548    6556    6548
1552    6412    6534
1556    6480    6516
1560    6552    6494
1564    6454    6443
1568    6501    6424
1572    6550    6490
1576    6492    6420
1580    6506    6454
1584    6465    6436
1588    6414    6495
1592    6497    6422
1596    6403    6529
1600    6440    6505
1604    6453    6456
1608    6411    6432
1612    6413    6436
1616    6448    6465
1620    6515    6407
1624    6485    6514
1628    6506    6398
1632    6435    6539
1636    6391    6452
1640    6517    6456
1644    6549    6405
1648    6483    6457
1652    6486    6494
1656    6403    6533
1660    6396    6449
1664    6515    6493
1668    6578    6584
1672    6548    6456
1676    6446    6550
1680    6530    6498
1684    6425    6566
1688    6401    6542
1692    6540    6554
1696    6527    6537
1700    6418    6579
1704    6473    6541
1708    6504    6402
1712    6495    6562
1716    6424    6501
1720    6575    6464
1724    6408    6548
1728    6471    6522
1732    6582    6465
1736    6408    6416
1740    6405    6536
1744    6438    6556
1748    6541    6575
1752    6571    6553
1756    6398    6430
1760    6423    6434
1764    6407    6483
1768    6410    6531
1772    6486    6420
1776    6543    6482
1780    6525    6392
1784    6517    6471
1788    6476    6487
1792    6397    6567
1796    6418    6549
1800    6533    6527
1804    6482    6479
1808    6523    6512
1812    6434    6543
1816    6577    6534
1820    6443    6456
1824    6545    6571
1828    6484    6483
1832    6430    6459
1836    6523    6497
1840    6455    6400
1844    6484    6501
1848    6392    6411
1852    6408    6585
1856    6562    6461
1860    6532    6518
1864    6506    6417
1868    6519    6491
1872    6448    6415
1876    6498    6455
1880    6474    6455
1884    6543    6449
1888    6542    6420
1892    6521    6579
1896    6397    6399
1900    6429    6578
1904    6443    6506
1908    6559    6538
1912    6451    6432
1916    6470    6393
1920    6532    6445
1924    6485    6462
1928    6450    6519
1932    6408    6577
1936    6523    6582
1940    6471    6553
1944    6545    6408
1948    6450    6519
1952    6517    6450
1956    6473    6498
1960    6483    6470
1964    6534    6499
1968    6534    6526
1972    6583    6504
1976    6454    6450
1980    6532    6449
1984    6401    6422
1988    6527    6410
1992    6564    6536
1996    6560    6562